,Human,Goat,Opossum,Lemur,Mouse,Rabbit,Gorilla
Human,0,4.7,4.6,2.7,3.2,3.2,1.6
Goat,4.7,0,7.2,5.9,7.8,3.7,5.5
Opossum,4.6,7.2,0,5.3,5.3,6.3,5.7
Lemur,2.7,5.9,5.3,0,4.3,2.7,3.2
Mouse,3.2,7.8,5.3,4.3,0,6,2.9
Rabbit,3.2,3.7,6.3,2.7,6,0,3.8
Gorilla,1.6,5.5,5.7,3.2,2.9,3.8,0
